list(alpha=c(2.41772E-01, -1.01715E+00, -5.96238E-01, -1.13609E+00, -1.72150E+00), beta= structure(.Data= c(3.67395E-01, 1.22661E-01, -4.91370E-01, -1.49873E-01, -3.16935E-01, 2.34632E-01, -1.73544E+00, 1.88449E+00, 9.31429E-01, -2.34026E-01, -9.01109E-01, -1.06484E+00, -7.22864E-01, 1.02012E+00, -6.81833E-01, 2.20038E+00, 1.53839E+00, -1.79565E-01, -8.87085E-01, 7.00916E-01, 7.13753E-01, 9.56142E-01, -2.80168E-02, 7.01773E-01, -4.53584E-01, -1.96046E-01, 1.28553E-01, -2.27360E-01, -1.21627E+00, -7.27263E-01, -2.52432E+00, -1.43857E-01, 2.16849E+00, 2.66266E-01, 7.62593E-01, 1.19127E+00, 2.09145E+00, -1.10356E+00, -1.83033E+00, 7.11431E-01), .Dim=c(5, 8)), Tau.B= structure(.Data= c(8.14530E+00, -5.68755E+00, 2.78156E+00, 1.29716E+00, 5.02421E+00, -5.68755E+00, 1.05955E+01, 1.15725E+00, 2.31664E-01, -2.59658E+00, 2.78156E+00, 1.15725E+00, 6.61750E+00, 1.79785E+00, 2.60588E+00, 1.29716E+00, 2.31664E-01, 1.79785E+00, 2.12970E+00, 1.99770E+00, 5.02421E+00, -2.59658E+00, 2.60588E+00, 1.99770E+00, 4.38992E+00), .Dim=c(5, 5)))
