list(alpha=c(1.11987E-01, -1.10324E+00, 1.28567E+00, -7.81914E-01, -5.96093E-02), beta= structure(.Data= c(1.42200E+00, -1.14930E+00, 4.21688E-01, 3.37353E-01, 4.37581E-01, -1.07423E+00, 2.23606E+00, 9.31693E-02, 1.27816E+00, -9.87736E-01, 1.18987E+00, 1.58791E-01, 3.14333E-01, 6.05874E-01, 2.01400E-01, 7.69516E-01, 9.81686E-01, -1.61196E+00, 2.84621E+00, 8.59081E-01, 3.20320E-01, -2.11787E+00, 3.10916E-01, 3.87803E-01, -1.33174E+00, -1.01770E+00, -3.95871E-01, -9.27268E-01, -1.73596E-01, 1.27993E-01, 6.24807E-03, 8.02812E-01, 1.55461E+00, -7.73049E-01, 6.81363E-01, 5.95165E-01, -2.14141E+00, -3.85515E-01, 7.23294E-01, 1.11295E+00), .Dim=c(5, 8)), Tau.B= structure(.Data= c(1.56556E+00, 2.26430E-01, 1.07895E+00, 1.93763E+00, -1.81505E-01, 2.26430E-01, 8.22481E+00, 2.39401E+00, 2.47478E-01, 7.96389E-01, 1.07895E+00, 2.39401E+00, 6.29887E+00, 4.30708E+00, -3.36264E+00, 1.93763E+00, 2.47478E-01, 4.30708E+00, 8.00823E+00, 1.17106E+00, -1.81505E-01, 7.96389E-01, -3.36264E+00, 1.17106E+00, 6.93440E+00), .Dim=c(5, 5)))
