list(alpha=c(1.69106E-02, -1.25938E-02, 5.32145E-02, 3.51202E-01, 1.42458E+00), beta= structure(.Data= c(-9.63230E-01, -8.26392E-01, -5.29425E-02, -3.66831E-01, 3.80634E-01, 8.52609E-01, -1.37907E+00, -1.36032E-01, 1.36468E-02, 2.59716E-01, -1.39138E-01, 3.24501E-02, 6.68786E-01, 1.20900E+00, -9.70456E-01, 1.87016E+00, -4.07866E-01, 6.14581E-01, -8.91632E-01, -1.41650E+00, -2.45266E-01, 1.33008E+00, 8.49498E-01, 1.67585E+00, 2.24024E-01, -5.13534E-01, -1.27062E+00, 7.54538E-01, -1.08499E-01, -1.65237E-01, 5.58606E-01, -1.04020E+00, 1.63299E-01, 3.56830E-01, -1.45304E+00, -2.36896E+00, -7.64727E-01, 4.89444E-01, -7.72665E-03, 1.40086E-01), .Dim=c(5, 8)), Tau.B= structure(.Data= c(3.71768E+00, -1.69040E-01, -1.41494E-01, 2.82964E+00, 2.31632E+00, -1.69040E-01, 4.41740E+00, -1.09310E+00, 1.43894E+00, 4.51713E+00, -1.41494E-01, -1.09310E+00, 6.86185E+00, -1.65597E+00, -2.23412E+00, 2.82964E+00, 1.43894E+00, -1.65597E+00, 6.21861E+00, 4.63612E+00, 2.31632E+00, 4.51713E+00, -2.23412E+00, 4.63612E+00, 7.41940E+00), .Dim=c(5, 5)))
